training rewards [714, 1723, 3316, 2974, 3895, 1300, 700, 1200, 300, 1200, 100, 200, 0, 1200, 400, 400, 600, 200, 100, 0, 500, 500, 500, 100, 300, 100, 0, 600, 400, 100, 500, 200, 200, 100, 0, 100, 0, 600, 1200, 100, 300, 300, 200, 900, 100, 500, 100, 400, 0, 100]
training rewards sum 29522
training rewards average 590
training rewards standard deviation 1008.76211269
wall hits: [11, 11, 12, 3, 0, 0, 0, 0, 0, 0, 0, 0, 0, 0, 0, 0, 0, 0, 0, 0, 0, 0, 0, 0, 0, 0, 0, 0, 0, 0, 0, 0, 0, 0, 0, 0, 0, 0, 0, 0, 0, 0, 0, 0, 0, 0, 0, 0, 0, 0]
total wall hits: 37
good pickups: [8, 18, 34, 30, 39, 13, 7, 12, 3, 12, 1, 2, 0, 12, 4, 4, 6, 2, 1, 0, 5, 5, 5, 1, 3, 1, 0, 6, 4, 1, 5, 2, 2, 1, 0, 1, 0, 6, 12, 1, 3, 3, 2, 9, 1, 5, 1, 4, 0, 1]
total good pickups: 298
bad pickups: [31, 22, 24, 11, 5, 0, 0, 0, 0, 0, 0, 0, 0, 0, 0, 0, 0, 0, 0, 0, 0, 0, 0, 0, 0, 0, 0, 0, 0, 0, 0, 0, 0, 0, 0, 0, 0, 0, 0, 0, 0, 0, 0, 0, 0, 0, 0, 0, 0, 0]
total bad pickups: 93


testing rewards[100, 100, 300, 0, 700, 600, 200, 100, 100, 100, 0, 0, 400, 200, 400, 100, 100, 700, 200, 300, 300, 1200, 0, 100, 800, 400, 100, 200, 100, 1000, 500, 600, 100, 700, 200, 0, 300, 0, 400, 100, 0, 800, 100, 100, 200, 500, 300, 500, 200, 200]
testing rewards sum 14700
testing rewards average 294
testing rewards standard deviation 405.215991787
wall hits: [0, 0, 0, 0, 0, 0, 0, 0, 0, 0, 0, 0, 0, 0, 0, 0, 0, 0, 0, 0, 0, 0, 0, 0, 0, 0, 0, 0, 0, 0, 0, 0, 0, 0, 0, 0, 0, 0, 0, 0, 0, 0, 0, 0, 0, 0, 0, 0, 0, 0]
total wall hits: 0
good pickups: [1, 1, 3, 0, 7, 6, 2, 1, 1, 1, 0, 0, 4, 2, 4, 1, 1, 7, 2, 3, 3, 12, 0, 1, 8, 4, 1, 2, 1, 10, 5, 6, 1, 7, 2, 0, 3, 0, 4, 1, 0, 8, 1, 1, 2, 5, 3, 5, 2, 2]
total good pickups: 147
bad pickups: [0, 0, 0, 0, 0, 0, 0, 0, 0, 0, 0, 0, 0, 0, 0, 0, 0, 0, 0, 0, 0, 0, 0, 0, 0, 0, 0, 0, 0, 0, 0, 0, 0, 0, 0, 0, 0, 0, 0, 0, 0, 0, 0, 0, 0, 0, 0, 0, 0, 0]
total bad pickups: 0
